13
1,9891e+30 0 0 0 0
3,3022e23 5,7909100e10 0 0 4,787e4            # mercure
4,8685e24 1,08939e11 0 0 3,502e4              # venus
5,9736e24 1,49598261e11 0 0 2,978e4           # terre
6,4185e23 2,27939100e11 0 0 2,4077e4          # mars
1,8986e27 7,785472e11 0 0 1,307e4             # jupiter
5,6846e26 1,43344937e12 0 0 9,69e3            # saturn
1,1972e+10 4,71149e+11 -1,12509e+12 6228,48 -7159,08   # comete
1,2563e+18 1,30018e+11 8,03882e+11 -232,091 -12690,3   # comete
1,6813e+12 1,3212e+12 -1,08384e+11 6650,2 -1898,78     # comete
1,3355e+17 8,37673e+11 2,47736e+11 7335,6 332,857      # comete
1,3769e+12 9,04739e+11 8,48545e+11 6189,16 4853,88     # comete
1,7277e+10 9,7329e+11 -7,67898e+11 -51,0519 1011,14    # comete
