240
1,9891e+30 7,85124e+07 1,61073e+07 5,82116 1,43469
3,3022e+23 -2,41378e+10 5,64622e+10 -42784,5 -18308,2
4,8685e+24 -4,92879e+10 9,9366e+10 -31046,5 -15164,8
5,9736e+24 7,53809e+10 -1,29972e+11 25730 14872,6
6,4185e+23 -2,1328e+11 7,48027e+10 -8004,09 -22926,7
1,8986e+27 7,03818e+11 3,33221e+11 -5580,77 11815
5,6846e+26 1,41099e+12 2,53948e+11 -1700,23 9539,33
1,1972e+10 6,24101e+11 -1,28839e+12 5410,46 -5342,74
1,2563e+18 1,04016e+11 3,67756e+11 -2482,99 -22884,2
1,6813e+12 1,47232e+12 -1,55921e+11 4885 -1713,94
1,3355e+17 9,7839e+11 2,41357e+11 3512,95 -722,759
1,3769e+12 1,04789e+12 9,57844e+11 4740,25 3506,9
1,7277e+10 9,47884e+11 -7,2243e+11 -1906,19 2454,19
1,3688e+14 4,19008e+11 -2,30751e+10 1540,91 17860,2
1,2502e+13 5,58611e+10 4,8737e+11 -16841,9 4666,52
3,22085e+14 1,0247e+11 -4,25892e+11 16862,5 4188,71
1,9175e+11 -1,94895e+11 -4,2856e+11 15046,4 -8702,45
1,7073e+12 3,18827e+11 -3,0061e+11 12379,5 12434,6
1,5618e+12 -2,02265e+11 -3,71078e+11 15556 -8511,85
1,48782e+13 2,28032e+11 -3,70212e+11 15426,3 8659,54
1,8188e+13 -2,257e+11 3,69784e+11 -14599 -9427,6
1,6832e+13 -2,28504e+11 3,40431e+11 -15234,1 -9734,67
1,3807e+14 2,34417e+11 3,82129e+11 -14612,4 9147,75
3,3697e+13 2,49787e+11 3,61118e+11 -14064,4 10330,2
1,7371e+13 -1,3973e+11 -4,34321e+11 16121,7 -7194,26
1,2918e+12 -4,01918e+11 2,6896e+11 -11492,8 -13077,4
1,8402e+10 7,89165e+10 -4,07049e+11 17757 2965,88
3,29142e+14 -2,98885e+11 3,05847e+11 -13172,1 -11782,7
1,10014e+13 2,56488e+11 3,19789e+11 -14222,6 10904,8
3,39354e+14 3,62709e+11 -1,8236e+11 7504,45 16264,5
1,45574e+14 4,04487e+11 1,49262e+11 -5420,77 16904,1
1,61056e+14 4,52808e+11 1,5103e+11 -3548,15 17040,4
1,48524e+14 2,96223e+11 3,39627e+11 -12419,2 12489,7
1,1056e+10 -8,88899e+10 -4,21706e+11 17191,1 -4880,27
1,9653e+12 -2,11014e+10 4,41986e+11 -17604,6 169,114
1,8276e+14 4,29532e+11 -1,48494e+11 6239,03 16133,9
1,59684e+12 8,89253e+10 4,17966e+11 -17142 4963,33
1,8997e+12 -4,38192e+11 -2,10554e+10 318,009 -17541,9
1,0938e+13 1,01705e+11 3,87992e+11 -17601,9 4318,55
1,172e+13 -4,38379e+11 -2,09566e+11 5197,46 -16669,7
1,2962e+12 -2,20692e+11 -3,63004e+11 15114,8 -9156,52
1,6005e+13 3,43408e+11 -2,493e+11 11623,1 13758,3
1,54027e+14 3,63103e+11 2,70963e+11 -8997,22 15225,7
2,6873e+11 2,98559e+11 -3,57648e+11 14357,8 9823,54
1,0033e+14 -3,29382e+11 3,3071e+11 -13869,7 -10794,3
1,96311e+13 -1,2775e+11 -4,36661e+11 16477,4 -5512,21
1,6677e+12 1,38827e+11 -4,20274e+11 17144,2 4566,93
1,4404e+13 3,69643e+11 -1,27218e+11 4981,27 17557,8
1,2837e+14 -3,08224e+11 2,74002e+11 -11622,3 -13468,9
3,5321e+13 3,94058e+11 1,87355e+11 -7173,19 15958,5
1,1761e+10 4,3443e+11 -7,99737e+10 4640,85 17136,8
1,9377e+14 -1,89061e+11 3,8993e+11 -15912,2 -7443,31
1,2813e+11 3,97952e+11 2,08721e+11 -6912,68 16191,9
1,4615e+13 3,75815e+11 -1,61412e+11 7676,98 16437,6
1,60385e+12 1,28713e+11 4,60645e+11 -16034,6 7048,14
1,7854e+10 4,26138e+11 1,22448e+11 -4988,86 16495,8
1,6064e+11 -1,70458e+11 3,95667e+11 -16582,2 -6326,27
1,2096e+14 -3,11952e+11 2,98329e+11 -11854,8 -12813,1
1,29672e+13 -4,66437e+11 8,90095e+10 -5013,99 -16622,8
1,06851e+12 3,86663e+11 -2,9334e+11 12276,5 12220,9
1,88948e+14 -3,16052e+11 2,10513e+11 -8804,38 -16189,3
1,9483e+13 -2,58404e+11 2,66578e+11 -11883,8 -14329
3,6016e+11 -4,45593e+11 -7,9876e+10 2203,72 -17259,9
1,99752e+13 -4,35562e+11 1,02758e+11 -3844,89 -16754,6
1,51843e+12 -4,24633e+11 2,5805e+10 -1830,22 -17757,9
1,20994e+14 4,28557e+11 -8,13544e+09 1400,32 17804
1,1525e+13 -2,73932e+11 -3,79134e+11 13175,3 -11263,5
1,736e+13 3,96277e+11 1,78069e+11 -6176,94 16697,9
1,1445e+14 -3,97112e+11 1,92157e+11 -7212,54 -15666,3
1,56224e+12 1,271e+11 -4,13109e+11 16887,9 4940,46
1,8534e+14 -4,32762e+11 1,13273e+11 -5858,53 -16653,6
2,6466e+11 -3,67518e+11 -2,77257e+11 9624,93 -14382,4
1,128e+11 -5,89022e+10 4,83467e+11 -17493,9 564,304
1,2058e+10 4,65738e+11 -8,31483e+10 4631,56 16701,6
1,7374e+12 -2,96525e+11 3,55003e+11 -14617,3 -9729,52
1,45058e+14 4,08315e+11 2,21206e+11 -6470,33 16223,1
1,6997e+13 3,67321e+11 1,26523e+11 -6819,36 17013,3
1,0943e+13 3,78425e+11 -2,08889e+11 8719,06 15286,2
1,9825e+13 4,22238e+11 5,46037e+10 -2578,89 17387,7
1,5832e+14 9,95076e+10 4,6848e+11 -16456,9 5810,08
1,81414e+12 -4,26257e+11 1,3651e+11 -5741,92 -16385,6
1,7883e+11 2,02187e+10 -4,44123e+11 17525,9 -24,3933
3,73383e+14 -3,45369e+11 -2,30875e+11 9844,53 -14858,9
1,1211e+12 -4,11555e+11 5,83006e+10 -3039,42 -17731,1
1,5996e+13 3,03926e+11 -2,57612e+11 11263,2 14220,2
1,9072e+11 -1,82159e+11 -3,38964e+11 16720,2 -7606,81
1,1787e+13 2,31111e+11 -3,09344e+11 13802,8 12024,8
1,0366e+12 -3,51202e+11 1,48869e+11 -5917,07 -17455,7
1,7664e+13 -1,50716e+11 3,67751e+11 -16607,7 -7372,5
1,8265e+10 1,85177e+11 -4,43791e+11 16832,4 4571,6
1,84117e+14 -3,66122e+11 1,97265e+11 -8687,32 -15668,1
1,4784e+12 -2,60219e+11 3,43062e+11 -13674,7 -10845
3,41073e+13 9,48386e+10 4,10971e+11 -17365,1 3871,74
1,73333e+13 -3,64201e+11 2,09932e+11 -9440,44 -15217,6
1,4064e+13 1,84793e+11 3,85313e+11 -15625,5 8698,68
1,1035e+11 -3,59509e+11 1,17803e+11 -4200,37 -17992,9
1,3555e+14 3,55403e+11 3,18882e+11 -10111,8 14078,7
2,08612e+12 1,99537e+11 3,88762e+11 -15014,2 9563,24
2,6869e+14 4,29195e+11 1,6733e+11 -5516,4 16334,7
1,8819e+13 -3,75905e+11 2,80354e+11 -11546,4 -12946,1
1,4835e+10 -3,26805e+11 2,7779e+11 -11322 -13437
3,7543e+11 -3,47774e+11 -3,24002e+11 10209,6 -14283,7
1,7953e+10 -2,3386e+11 4,04143e+11 -15615,8 -7487,38
1,0705e+11 -4,27481e+11 1,82089e+11 -8713,01 -15259,9
1,55917e+13 1,91623e+11 4,42782e+11 -14789,8 9114,97
1,5441e+13 -1,70624e+11 -3,9663e+11 15889,3 -8120,23
1,2263e+10 -2,869e+11 -3,00148e+11 12611,2 -12864
1,8984e+10 1,21422e+10 4,38565e+11 -17269,3 75,3226
1,3928e+11 -4,78433e+11 -4,56367e+10 -824,469 -17495,9
1,0993e+14 -2,19286e+11 3,54724e+11 -14810,1 -9729,99
1,955e+14 -3,02065e+11 -3,80053e+11 11991,3 -12685,7
1,9527e+13 -3,89225e+11 -5,60233e+10 3396,28 -17902,5
1,836e+14 -2,81563e+11 3,1799e+11 -13163,6 -11766,7
1,088e+12 3,00814e+10 3,81597e+11 -18378,2 33,1536
1,7382e+10 -3,80119e+11 -1,42682e+11 7364,39 -16222,1
1,4147e+13 -3,72013e+11 2,03169e+11 -8833,13 -15435,9
1,1171e+12 4,14528e+11 8,18046e+10 -3219,99 17493,7
1,12194e+14 -2,36031e+11 -3,63826e+11 14623,3 -9958,13
1,0748e+13 1,79753e+11 3,3226e+11 -17039,5 6991,96
1,5161e+10 2,93665e+11 3,70948e+11 -12401,5 12178,7
1,4157e+10 -4,4804e+11 3,68021e+10 -2726,33 -17362,7
1,3847e+13 3,42302e+11 -3,18265e+11 13279,2 11419,4
1,5766e+13 -2,55684e+11 -3,74349e+11 13980,6 -10138,3
1,0403e+12 2,68781e+11 -3,34436e+11 14133 10703,1
1,20876e+13 -3,62722e+11 -1,71195e+11 7804,7 -16423,7
1,1817e+11 -1,47646e+11 -3,7384e+11 17014,5 -5965,88
1,534e+14 -3,6314e+11 -2,33468e+11 8828,4 -15431,7
3,4927e+12 -7,67692e+10 3,93268e+11 -17585,2 -3991,18
1,9105e+13 3,82167e+11 -2,73368e+11 11369,9 13132,1
1,9359e+10 1,18115e+11 -3,57386e+11 17017,7 7343,14
1,7211e+14 -4,20031e+11 -1,0592e+11 4737,96 -16703,1
1,9178e+11 2,18471e+11 -3,29942e+11 14672,1 10703,7
1,8451e+12 4,15752e+11 -1,99443e+11 9062,37 14995,3
1,2141e+10 2,48185e+11 -3,64773e+11 15738,6 8451,7
1,2496e+12 -1,94947e+11 -3,91315e+11 15580 -7871,81
1,2892e+13 -1,02476e+11 3,63191e+11 -17253,2 -6634,5
1,64315e+14 3,90983e+10 -4,37609e+11 17512,3 1075,92
1,2217e+10 3,67109e+11 7,77953e+09 -2652,9 18522,7
1,7466e+14 -3,82206e+11 -1,9876e+11 7064,26 -16439
1,5942e+14 4,69115e+11 -2,46555e+10 3251,56 17304,6
1,6991e+13 2,19375e+11 4,21492e+11 -14435,6 9676,84
1,7759e+10 -3,44073e+11 -2,38466e+11 9508,53 -15303,6
1,8606e+12 3,80834e+11 2,16791e+11 -7642,02 16027,6
1,8725e+10 -1,69757e+10 -4,45431e+11 17410 -1333,41
3,2963e+10 3,42004e+11 2,65945e+11 -10410,6 14236,8
1,6542e+11 1,96777e+09 4,27581e+11 -17712,1 490,084
1,1799e+11 -4,40905e+11 -5,99325e+10 2556,47 -17007,1
1,1402e+14 2,70743e+11 -3,47064e+11 14876,1 9737,42
1,5974e+12 4,13489e+11 1,16954e+11 -3809,54 17447,8
1,6916e+10 -3,70774e+11 -1,11125e+11 6291,6 -17217
1,1642e+12 2,41754e+11 3,78356e+11 -14160,5 10265
1,8016e+10 -3,5027e+11 2,93863e+11 -11982 -12599,4
1,0145e+13 -2,65658e+11 -3,0062e+11 13990,1 -11393
1,3964e+12 2,41845e+11 -3,36444e+11 13802,3 11053,1
1,983e+12 2,22335e+11 3,53522e+11 -14768,3 10316,4
1,5717e+12 3,91419e+11 -1,73109e+11 7407,31 16065,2
1,82176e+14 2,58065e+11 4,02458e+11 -13432,6 11021,2
1,87855e+11 -1,7177e+11 4,19223e+11 -17045,2 -4829,5
1,3224e+12 -4,23895e+11 -1,58062e+11 4719,74 -16944,5
1,7175e+11 4,4762e+11 4,75924e+09 1359,57 17631,4
1,1489e+11 1,44054e+11 4,66971e+11 -15708,7 7711,09
1,38374e+13 -5,54116e+10 4,18995e+11 -17775,6 -1451,94
2,844e+13 -4,02394e+11 1,5938e+11 -6667,8 -16311,2
1,8441e+11 -1,28536e+11 4,04964e+11 -16507 -5860,95
1,5619e+12 -3,11331e+11 -3,60389e+11 11550,8 -13226,2
1,0238e+13 6,06506e+10 -4,58043e+11 17429,7 793,428
1,9034e+10 -3,99478e+11 8,77312e+10 -3102,83 -17576,5
1,3446e+11 3,18515e+11 3,16188e+11 -11216,2 13665,3
1,76512e+14 3,85773e+11 -2,29413e+11 10619,4 14157,7
1,85664e+11 -4,08863e+11 -1,32049e+11 5340,96 -16755,7
1,0009e+13 -9,83925e+10 3,93615e+11 -17146,6 -5144,52
1,3881e+12 3,9182e+11 -2,1996e+11 8694,6 14932,6
1,9858e+14 -4,71351e+11 1,90845e+10 -3059,24 -17312,6
1,584e+14 -5,88399e+10 -4,36563e+11 17277,7 -2844,42
1,3209e+12 4,0846e+11 1,975e+11 -6570,63 16172,8
1,4256e+11 -1,6303e+10 -4,55229e+11 17312 -1593,31
3,0305e+11 4,2042e+11 -1,16827e+11 6033,98 16756,6
1,0145e+10 4,01061e+11 -9,91412e+10 4725,85 17394,5
1,8901e+10 2,16682e+11 -3,49132e+11 15419,6 9331,84
1,1297e+14 2,14147e+11 4,08183e+11 -14485 10105,2
1,2483e+10 -4,44237e+11 -9,05809e+10 1959,95 -17486,8
1,5174e+14 3,88316e+11 3,70494e+10 -2916,4 18000,4
1,6772e+13 4,28171e+11 1,16212e+11 -4691,29 16596,2
1,5769e+13 3,96872e+11 1,02681e+11 -5146,17 17080,7
1,7994e+10 -4,21315e+11 8,47161e+10 -3436,06 -17228,6
1,8513e+13 1,80836e+11 -4,06852e+11 16730,5 5794,66
1,711e+12 -1,87911e+11 4,16716e+11 -16651,8 -5630,62
1,4497e+12 2,96332e+11 2,89304e+11 -12198,2 13254,2
1,36906e+14 1,09643e+10 4,87572e+11 -17217,8 3029,38
1,1659e+11 1,45732e+10 -4,59068e+11 17513,4 -1153,78
1,9917e+13 8,25794e+10 -3,84734e+11 17732,5 4385,8
1,1803e+13 -6,24422e+10 3,96948e+11 -17729,9 -3382,31
1,0982e+11 -3,86304e+11 1,80306e+11 -7598,09 -15964,1
1,5595e+14 1,70546e+11 3,94644e+11 -16077,4 7223,79
1,8626e+10 -4,2711e+11 1,24401e+11 -4873,89 -16585,5
1,179e+11 4,47149e+11 -1,8658e+11 9132,21 14972,1
1,5966e+11 3,76397e+11 2,41737e+11 -8001,04 15849
1,95463e+14 2,48636e+11 3,32625e+11 -14461,6 10345,2
1,2645e+10 1,82033e+11 -3,82579e+11 16691,3 6682,66
1,9537e+10 2,03543e+11 3,70158e+11 -15530,3 8497,7
1,3281e+10 4,53237e+11 8,73535e+08 292,051 17223,2
1,9261e+12 2,54645e+11 -3,77261e+11 14486,9 9295,5
1,0328e+14 4,38005e+11 -6,22949e+09 583,805 17501,2
1,787e+11 9,27076e+10 -4,61886e+11 17507,3 1242,64
1,4795e+10 3,59958e+11 -2,14779e+11 9891,96 15024,4
1,21048e+14 -2,62949e+09 -3,92337e+11 18186,9 889,214
1,9963e+13 4,4085e+11 6,91441e+10 -1073,87 17607,8
1,1197e+13 -2,07758e+11 3,64435e+11 -15574,9 -8676,97
1,1596e+13 -3,65806e+11 -2,18698e+11 8593,85 -15597,8
1,6644e+12 1,98474e+11 4,182e+11 -15078,1 8578,96
1,8101e+10 -4,13266e+11 1,402e+11 -6149,99 -16478,3
1,7297e+13 -4,02834e+11 -1,28906e+11 4359,14 -17459,7
1,1219e+13 3,31943e+11 2,63826e+11 -11408 13281,8
1,712e+12 2,8784e+11 -3,08084e+11 13311,5 11888,5
1,762e+14 -3,76241e+11 -1,72785e+11 7811,39 -16003,9
1,8728e+10 4,43231e+11 1,11577e+11 -2899,58 17251,3
1,7343e+12 -3,36214e+11 -2,59074e+11 9978,1 -14960,5
1,4501e+14 -1,25145e+11 -3,97844e+11 17021,8 -5346,24
1,4939e+11 -3,28106e+11 -2,65484e+11 10223,7 -14897,1
1,297e+12 -4,29705e+11 -1,03235e+11 2468,52 -17639,8
1,3574e+12 -1,69123e+11 4,52433e+11 -17155,2 -3612,84
1,4782e+12 2,98563e+10 4,15851e+11 -17651,8 548,887
1,9717e+13 -3,99678e+11 1,53078e+11 -7350,73 -16291,6
1,7012e+11 -2,70109e+10 -3,93144e+11 18202,6 -460,54
1,1452e+14 -4,05221e+11 -7,14385e+10 3334,4 -17597,1
1,2803e+11 -4,22405e+11 1,68238e+11 -7944,66 -15679,6
1,2498e+14 -3,59821e+10 -4,19348e+11 17714,4 -1626,92
1,8226e+13 -7,3276e+10 -4,27628e+11 17225,7 -2789,8
1,5339e+12 4,04399e+11 2,59134e+11 -7433,69 15767,4
1,5162e+12 -4,03554e+11 -1,223e+09 1242,26 -17835,2
1,1568e+12 4,49706e+10 -3,99862e+11 17624,2 3187,15
1,7484e+13 1,49025e+11 -4,02973e+11 17021,8 5290,3
1,8281e+10 -1,121e+11 4,45155e+11 -17502,7 -2285,03
1,5541e+11 2,95023e+11 3,60884e+11 -12179,4 12631,6
1,0471e+10 -2,85673e+11 -3,66104e+11 12373,2 -12610,3
1,6673e+13 4,02125e+11 1,32987e+11 -5968,39 16540,1
1,1474e+10 -2,14975e+11 3,46353e+11 -15330,2 -9515,12
1,3734e+14 2,82185e+11 3,28873e+11 -13095,7 11749,5
1,6831e+13 -3,48812e+10 4,18631e+11 -17699,1 -1506,29
1,0175e+14 2,79292e+11 -2,77289e+11 11587,4 13863,3
