100
-0.08462066583765733 -0.2195339842881393 
0.2923238745819068 0.08735389736234574 
0.1569483724021803 -0.1687101779214201 
0.488037082355504 0.43923541665006 
0.2296402870953458 -0.4357004989271057 
0.1817140292205978 0.06768377550661915 
-0.4387895031262091 0.2648204791031968 
-0.1622136981805914 -0.325627964758899 
0.1707949327964288 -0.4495697402856962 
0.08137462388852111 -0.3367008556022317 
0.06871861551768949 -0.04623344498335705 
-0.04551338641486446 0.05651096865209841 
-0.22015421951204 -0.1319695288613155 
-0.01187445224437346 0.4260773089957212 
0.08132504353423141 -0.1699978696834276 
-0.1541983519254237 0.3882964834461887 
0.09899032823647402 -0.2695580173931625 
-0.4616001303881408 -0.1133917338339535 
0.2251264273423016 -0.3001413329505747 
-0.4753844644645084 0.2133055526887118 
0.02641845683233669 0.01499986137729125 
0.1026661378356313 -0.4902261132283379 
-0.2302851050442877 -0.4017625901864493 
-0.4238540324604642 0.2852758413974902 
-0.3689397781798055 0.2291471066224827 
0.2754152978541472 -0.09509503384595275 
-0.2622370177528234 -0.4175592324860014 
0.08197896283304222 -0.1795762196924316 
-0.1375268782838498 -0.4142461534722207 
-0.235102078630684 -0.3606376190303244 
-0.2364641332407148 -0.2526894391073747 
0.04859498706515412 -0.2640566893518499 
-0.0007797828882744376 -0.1058149101266776 
-0.4311975840769686 -0.1377961199151316 
0.06060975190308853 -0.3319041522516908 
-0.3130882096598747 -0.07354121615508684 
-0.007223255939058267 -0.4012664243590705 
-0.0847949754305137 -0.1491553100283773 
0.1467016075241394 -0.3860874030609498 
0.0290158633412941 -0.3303889630645411 
0.1526964471234907 0.3691816966693678 
-0.1632308803156306 -0.4214081004461349 
0.3940551871378489 -0.1144767712005198 
-0.01109658415531421 0.4997062757608539 
-0.4366311113691247 -0.4590892768083972 
0.08652436135944386 0.2149367781495087 
0.4424247638717524 -0.1670009830659265 
0.2144750051335199 -0.3185943125920317 
0.3853868463871878 0.1967203004255149 
0.2780837992002105 -0.2455929315142268 
0.31959804968871 0.4844147041294861 
-0.4420754000936405 0.03875017309444972 
0.274154982319246 -0.2772182191509923 
-0.2066110141636906 0.4886826551413933 
0.2893772239697885 -0.4370029176929993 
0.2919618410914781 0.002657026520610812 
-0.343359202000647 0.161890749504688 
-0.1021782547255776 -0.3099302861932016 
0.00167846353880918 0.2099327707755685 
0.3400728691742503 -0.3952943630472704 
0.2876394454274694 0.3561531355196174 
-0.1342580221912433 -0.474581830645522 
-0.2968278581246993 0.2141869084110362 
-0.1606359250476918 0.1920050677768933 
0.02916871060539848 0.2385150038064597 
-0.2783368046193727 -0.006676972384263735 
-0.2198787231183413 0.4982983581705935 
-0.09950203970028278 -0.3307843770187203 
-0.4930258779721576 -0.2859311325344547 
0.3554538184362033 0.1123197624574599 
-0.2417571695910368 -0.2127513375252032 
0.2882679661626629 -0.08029887320501625 
0.4168347589828398 -0.258212950786774 
0.214934234707555 0.3996771349568639 
0.3736001792117955 0.09820517580789065 
-0.4656148785404999 0.4107361011307091 
0.2416445764169512 0.3203900356966909 
-0.2046764662532848 0.002629369965409273 
0.191817075192758 -0.1304226495608898 
-0.01347406209770037 -0.458565483762478 
-0.1100859200675841 -0.2140616273638435 
0.2662266583798701 0.4714413941571874 
-0.4844960030023903 0.07567741775482653 
-0.08964429990355326 0.3482483097801435 
0.009335836404315975 -0.09260153872203225 
-0.3540644895788883 0.2381225058232644 
0.124949595075985 0.02783955124005634 
-0.1006664392544575 0.09915232527922124 
0.4531262791279017 -0.3066341567846333 
0.3997254077342576 0.1849207484022908 
-0.03698696292656191 0.3601104699635044 
0.3766619454851951 -0.4426890913794647 
-0.2755592630948492 -0.3245365916048517 
-0.4864964759782855 0.453728127715856 
-0.1913649436937319 -0.2706110759364544 
-0.1603550591136842 -0.08748118168439827 
-0.2962237981112896 0.3666235491322573 
-0.1580165165085499 0.2164043646458577 
0.108150996368519 -0.306208793824733 
-0.4511993289470667 -0.3071219951912034 
