188
82 93 68 
82 19 93 
19 82 56 
48 89 3 
91 59 54 
49 72 42 
72 46 42 
89 46 3 
21 61 44 
21 91 54 
44 99 68 
92 99 44 
19 75 93 
11 84 20 
99 33 68 
52 59 72 
49 52 72 
88 46 72 
88 59 91 
59 88 72 
46 88 3 
21 38 9 
36 21 9 
28 36 67 
61 26 44 
26 92 44 
24 19 56 
85 24 56 
62 97 96 
85 62 96 
62 85 56 
97 15 96 
75 66 93 
66 75 96 
49 78 2 
55 71 42 
86 55 5 
10 86 20 
84 10 20 
10 78 86 
78 10 2 
29 94 92 
26 29 92 
29 26 22 
63 62 56 
62 63 97 
12 80 37 
17 82 68 
33 17 68 
59 47 54 
52 47 59 
8 38 21 
21 79 61 
36 79 21 
79 28 61 
28 79 36 
28 41 61 
41 26 61 
26 41 22 
41 29 22 
23 24 85 
75 23 96 
23 85 96 
83 15 97 
15 83 13 
43 15 13 
60 48 3 
60 76 48 
50 60 3 
25 78 49 
25 49 42 
71 25 42 
55 25 71 
78 25 86 
25 55 86 
74 55 42 
46 74 42 
74 46 89 
57 80 94 
36 39 67 
39 57 67 
80 70 94 
12 70 80 
70 99 92 
70 33 99 
95 12 37 
32 95 37 
11 95 84 
95 32 84 
82 51 56 
17 51 82 
38 98 9 
47 98 38 
18 52 49 
18 47 52 
18 49 2 
18 98 47 
4 47 38 
8 4 38 
47 4 54 
4 21 54 
4 8 21 
7 41 28 
41 7 29 
7 28 67 
29 7 94 
57 7 67 
7 57 94 
24 6 19 
23 6 24 
6 75 19 
6 23 75 
43 53 15 
53 43 66 
15 53 96 
53 66 96 
60 73 76 
76 1 48 
1 76 5 
55 1 5 
74 1 55 
0 32 37 
80 0 37 
57 0 80 
0 39 31 
39 0 57 
32 14 84 
10 14 2 
14 10 84 
39 34 31 
98 34 9 
34 36 9 
34 39 36 
94 30 92 
30 70 92 
70 30 94 
87 77 11 
77 95 11 
77 63 56 
77 87 63 
95 77 12 
83 90 13 
76 45 5 
45 86 5 
86 45 20 
58 83 97 
63 58 97 
58 90 83 
90 58 64 
87 58 63 
58 87 11 
58 45 64 
58 11 20 
45 58 20 
43 81 50 
73 81 43 
81 60 50 
81 73 60 
1 69 48 
69 1 74 
69 89 48 
69 74 89 
14 27 2 
27 0 31 
0 27 32 
27 14 32 
51 65 56 
65 77 56 
77 65 12 
45 40 64 
73 40 76 
40 45 76 
90 40 13 
40 90 64 
40 43 13 
40 73 43 
16 27 31 
34 16 31 
16 34 98 
27 16 2 
16 18 2 
18 16 98 
65 35 12 
70 35 33 
35 70 12 
35 65 51 
35 17 33 
35 51 17 
