1986
759 125 646 
217 759 646 
483 257 646 
749 442 117 
442 773 117 
773 442 655 
386 696 345 
692 485 32 
125 205 0 
205 540 0 
540 205 241 
992 823 613 
8 830 217 
944 217 646 
944 8 217 
71 144 994 
144 71 225 
250 333 670 
871 366 675 
786 218 257 
300 723 125 
723 205 125 
205 723 241 
469 540 241 
709 337 901 
300 709 901 
709 300 125 
759 709 125 
192 709 759 
720 337 304 
755 411 714 
395 755 714 
217 289 759 
289 196 759 
140 192 759 
618 140 759 
850 949 852 
949 431 852 
386 515 696 
995 992 613 
198 349 896 
236 733 0 
238 13 413 
749 782 442 
749 75 404 
75 749 117 
53 261 971 
878 261 53 
513 225 965 
900 944 646 
53 900 646 
944 568 8 
144 252 92 
144 874 994 
874 144 92 
874 366 994 
366 874 92 
422 514 137 
677 250 670 
647 250 675 
250 647 333 
464 871 891 
464 366 871 
372 306 386 
372 2 994 
2 372 386 
44 123 655 
123 146 619 
146 862 19 
146 123 862 
320 517 692 
652 6 218 
652 786 699 
786 652 218 
878 652 699 
652 878 53 
6 652 53 
186 53 646 
186 6 53 
599 469 241 
723 599 241 
599 723 300 
599 300 901 
469 599 901 
720 420 337 
420 720 480 
337 420 901 
420 432 901 
31 263 281 
411 590 714 
395 356 755 
356 618 759 
618 356 16 
356 395 16 
196 605 759 
605 864 759 
680 427 380 
140 719 192 
719 140 337 
719 709 192 
709 719 337 
337 999 304 
140 999 337 
999 140 618 
147 357 537 
590 744 714 
720 875 390 
875 720 304 
147 875 304 
875 147 537 
850 875 537 
265 875 850 
659 133 850 
133 265 850 
552 850 852 
552 659 850 
88 850 537 
88 949 850 
622 83 380 
622 441 83 
236 967 733 
158 530 390 
327 420 480 
420 327 432 
530 327 480 
327 530 268 
469 222 540 
268 222 469 
540 222 0 
501 982 879 
251 26 308 
982 58 879 
216 794 820 
216 528 794 
255 528 516 
995 152 992 
152 995 385 
963 238 413 
884 44 843 
628 310 845 
101 44 655 
44 101 843 
226 749 404 
226 11 70 
866 782 749 
782 866 70 
226 866 749 
866 226 70 
883 954 845 
442 883 655 
883 310 655 
310 883 845 
262 75 117 
761 991 577 
56 105 340 
734 800 690 
547 734 690 
734 547 691 
569 381 398 
830 399 217 
568 603 8 
603 568 951 
247 53 971 
247 900 53 
333 307 670 
269 386 345 
269 2 386 
225 865 965 
270 378 686 
996 144 945 
996 252 144 
252 718 92 
718 252 521 
499 422 137 
499 366 92 
514 209 137 
250 681 998 
677 681 250 
681 826 998 
826 681 164 
366 491 675 
491 647 675 
491 499 137 
499 491 366 
827 164 702 
826 565 998 
565 826 787 
277 871 675 
277 548 871 
277 565 548 
250 277 675 
277 250 998 
565 277 998 
871 649 891 
548 649 871 
565 649 548 
649 787 31 
649 565 787 
365 306 372 
522 31 281 
522 365 31 
365 522 306 
1 112 188 
38 257 483 
903 975 514 
425 781 496 
425 859 271 
223 123 619 
899 146 19 
899 987 496 
987 899 19 
987 425 496 
425 987 84 
433 987 19 
987 433 84 
84 433 341 
519 256 478 
151 543 950 
419 704 980 
124 942 529 
124 151 617 
543 124 529 
124 543 151 
942 671 529 
687 485 692 
6 180 218 
186 180 6 
180 186 646 
257 180 646 
218 180 257 
787 858 31 
858 263 31 
858 468 263 
224 437 336 
349 235 896 
7 995 613 
355 7 613 
995 7 385 
7 198 385 
621 411 680 
621 590 411 
621 680 380 
83 621 380 
590 621 83 
864 9 759 
9 356 759 
9 427 680 
356 9 755 
411 9 680 
9 411 755 
259 689 289 
427 778 380 
778 622 380 
622 778 686 
311 605 196 
605 311 864 
311 427 864 
289 311 196 
689 311 289 
999 207 304 
207 147 304 
33 357 147 
33 207 16 
207 33 147 
319 431 714 
744 319 714 
744 544 762 
544 744 590 
552 836 659 
461 590 83 
441 461 83 
461 544 590 
212 622 696 
212 441 622 
515 212 696 
441 212 515 
332 967 236 
720 597 480 
597 530 480 
597 720 390 
530 597 390 
432 131 901 
327 131 432 
131 469 901 
131 268 469 
131 327 268 
530 86 268 
208 86 784 
334 222 268 
86 334 268 
334 86 208 
26 741 45 
741 757 869 
741 26 757 
751 741 869 
741 751 165 
836 561 659 
26 561 757 
561 26 251 
248 133 659 
561 248 659 
248 561 251 
879 956 308 
58 956 879 
956 133 308 
133 956 265 
764 216 820 
216 764 528 
528 558 516 
791 809 463 
667 809 791 
667 791 567 
373 255 516 
255 373 324 
528 606 794 
255 606 528 
579 152 385 
579 198 896 
198 579 385 
254 41 895 
238 254 13 
41 508 895 
895 508 0 
527 791 463 
455 527 463 
508 527 455 
963 62 238 
62 963 791 
527 62 791 
62 508 41 
62 527 508 
884 604 44 
933 554 320 
933 320 692 
123 933 862 
933 692 32 
933 123 44 
554 933 44 
580 877 479 
877 580 983 
955 150 796 
305 955 796 
105 23 340 
115 724 906 
627 115 906 
732 628 845 
598 732 845 
627 732 498 
732 310 628 
732 627 310 
547 984 691 
56 28 624 
28 734 624 
734 28 800 
159 56 624 
734 159 624 
159 734 691 
56 329 105 
329 159 342 
159 329 56 
182 56 340 
11 182 340 
182 11 226 
182 226 404 
182 28 56 
253 569 398 
988 253 398 
261 970 971 
970 261 878 
381 970 878 
849 381 569 
849 970 381 
970 849 971 
510 399 830 
399 510 513 
510 985 513 
900 109 944 
247 109 900 
620 221 770 
543 620 770 
620 543 529 
128 348 305 
348 151 538 
489 151 950 
151 489 538 
489 661 132 
661 489 950 
643 307 887 
1 643 887 
643 1 188 
307 656 887 
656 445 887 
656 298 17 
298 656 307 
445 574 887 
632 939 630 
889 632 531 
388 632 630 
632 388 531 
939 203 271 
203 973 271 
859 471 271 
471 939 271 
471 859 630 
939 471 630 
497 979 323 
660 892 197 
361 37 50 
428 361 848 
54 361 50 
361 54 848 
68 269 345 
269 68 378 
378 68 686 
68 622 686 
696 68 345 
622 68 696 
746 71 994 
2 746 994 
269 746 2 
847 865 225 
847 116 865 
116 746 269 
116 847 746 
270 533 378 
116 533 865 
865 533 965 
533 270 965 
533 269 378 
533 116 269 
867 718 521 
422 867 521 
499 867 422 
718 867 92 
867 499 92 
966 677 670 
582 966 670 
112 185 188 
681 888 352 
888 681 677 
681 278 164 
37 278 50 
278 681 352 
892 278 352 
278 892 50 
647 806 333 
491 806 647 
202 464 891 
649 202 891 
202 649 31 
365 202 31 
402 684 790 
388 12 531 
12 388 684 
283 12 160 
12 402 160 
402 12 684 
485 524 32 
524 933 32 
933 524 433 
524 634 341 
433 524 341 
634 30 417 
524 30 634 
725 30 485 
30 524 485 
859 492 630 
89 574 939 
632 89 939 
89 632 889 
25 889 880 
25 89 889 
29 786 257 
38 29 257 
29 38 34 
763 922 123 
38 685 34 
685 38 483 
922 685 483 
161 656 17 
975 161 514 
161 209 514 
298 161 17 
161 298 209 
747 84 341 
747 425 84 
314 975 799 
314 161 975 
314 203 445 
203 314 973 
656 314 445 
161 314 656 
668 425 271 
973 668 271 
637 763 123 
763 292 494 
637 292 763 
907 401 853 
401 907 781 
907 952 335 
824 34 494 
824 29 34 
40 878 699 
40 381 878 
781 493 496 
493 899 496 
907 493 781 
862 72 19 
72 433 19 
933 72 862 
72 933 433 
797 98 320 
673 98 570 
854 993 911 
543 214 950 
704 244 980 
419 379 704 
671 156 323 
156 671 942 
437 163 846 
440 224 336 
602 369 176 
602 440 336 
440 602 176 
405 602 336 
602 405 369 
817 457 804 
757 457 869 
457 817 869 
263 272 281 
468 439 842 
439 813 316 
35 827 167 
827 35 164 
80 74 910 
894 74 80 
490 437 846 
427 477 864 
477 9 864 
9 477 427 
328 289 217 
328 259 289 
259 193 689 
778 193 686 
193 270 686 
111 311 689 
311 111 427 
111 778 427 
193 111 689 
111 193 778 
674 999 618 
674 207 999 
674 618 16 
207 674 16 
168 395 714 
33 168 714 
395 168 16 
168 33 16 
33 591 357 
357 591 537 
591 88 537 
949 591 431 
88 591 949 
431 591 714 
591 33 714 
51 836 552 
544 27 762 
461 27 544 
928 332 784 
332 928 967 
332 748 784 
222 748 0 
834 86 530 
751 583 571 
967 997 733 
248 610 133 
610 248 251 
133 610 308 
610 251 308 
956 710 265 
710 956 58 
875 710 390 
710 875 265 
710 158 390 
558 793 516 
764 930 528 
930 558 528 
930 764 820 
375 455 860 
558 375 860 
375 930 820 
930 375 558 
375 508 455 
921 693 567 
791 921 567 
963 921 791 
929 85 516 
85 373 516 
693 85 929 
563 141 324 
141 240 324 
141 773 794 
240 141 794 
114 563 324 
563 114 636 
961 152 13 
254 961 13 
961 823 992 
152 961 992 
823 961 895 
961 254 895 
62 518 238 
518 62 41 
244 775 980 
66 963 413 
66 187 963 
711 815 546 
815 374 546 
233 814 546 
374 233 546 
662 554 44 
604 662 44 
554 662 776 
662 604 884 
554 190 320 
190 797 320 
938 627 906 
627 938 310 
912 135 101 
101 135 843 
310 870 655 
938 870 310 
870 938 912 
955 21 150 
138 39 915 
580 138 983 
138 629 983 
575 138 580 
138 575 39 
284 23 57 
284 410 93 
782 943 442 
943 818 442 
769 444 911 
769 724 115 
550 444 629 
135 717 843 
717 884 843 
717 993 884 
877 406 479 
406 410 479 
406 771 410 
771 430 410 
883 430 954 
430 370 954 
370 430 771 
800 321 690 
321 173 690 
173 321 75 
173 925 690 
262 925 75 
925 173 75 
423 761 577 
423 925 262 
423 262 117 
773 423 117 
991 511 577 
94 36 636 
376 511 991 
511 376 458 
36 376 991 
376 36 94 
376 94 184 
20 183 773 
18 189 585 
18 79 189 
678 330 249 
678 932 171 
932 678 206 
99 159 691 
159 99 121 
556 704 106 
99 556 121 
159 581 342 
581 159 121 
560 581 121 
581 206 342 
581 560 206 
414 206 189 
451 988 521 
507 996 945 
849 154 339 
339 154 951 
154 507 951 
507 154 688 
754 510 830 
754 985 510 
754 830 8 
603 754 8 
985 754 603 
22 985 603 
985 22 513 
22 507 945 
22 603 951 
507 22 951 
354 568 944 
109 354 944 
354 339 951 
568 354 951 
354 849 339 
316 941 702 
813 941 316 
941 827 702 
827 941 167 
941 813 167 
813 392 167 
392 439 468 
439 392 813 
623 660 197 
623 979 660 
671 658 529 
658 620 529 
623 658 671 
658 623 197 
100 128 305 
100 305 796 
201 100 796 
170 113 617 
489 898 538 
462 898 132 
898 489 132 
609 661 950 
214 609 950 
609 214 273 
564 615 132 
661 564 132 
832 609 273 
832 273 367 
344 832 367 
857 344 367 
307 443 670 
443 643 188 
209 204 137 
298 204 209 
204 491 137 
574 926 939 
926 203 939 
926 574 445 
203 926 445 
351 497 323 
497 351 519 
103 497 848 
54 103 848 
892 756 50 
756 54 50 
756 892 660 
103 756 660 
756 103 54 
71 663 225 
663 847 225 
746 663 71 
847 663 746 
888 237 352 
237 888 677 
185 232 188 
443 232 670 
232 443 188 
232 582 670 
232 185 582 
532 185 112 
892 532 197 
532 658 197 
658 532 620 
278 807 164 
807 278 37 
909 807 428 
807 361 428 
361 807 37 
164 807 702 
807 909 702 
806 178 333 
178 806 491 
202 833 464 
366 833 994 
464 833 366 
833 372 994 
833 365 372 
833 202 365 
291 515 386 
701 522 281 
272 701 281 
816 279 959 
343 402 790 
725 343 790 
474 343 725 
160 886 615 
402 886 160 
400 889 531 
12 400 531 
400 12 283 
889 400 880 
30 110 417 
110 388 417 
388 110 684 
684 110 790 
110 725 790 
110 30 725 
715 120 417 
715 492 120 
388 715 417 
715 388 630 
492 715 630 
916 1 887 
574 916 887 
89 916 574 
25 916 89 
986 25 880 
344 986 880 
986 857 112 
857 986 344 
409 40 699 
40 409 576 
786 409 699 
29 409 786 
409 824 576 
824 409 29 
34 760 494 
760 763 494 
763 760 922 
685 760 34 
760 685 922 
422 958 514 
958 903 514 
958 988 398 
958 422 521 
988 958 521 
805 642 903 
975 642 799 
642 975 903 
642 919 799 
919 642 805 
634 520 341 
520 634 417 
120 520 417 
425 393 859 
747 393 425 
393 520 120 
393 492 859 
492 393 120 
919 472 799 
472 314 799 
608 919 805 
551 401 102 
472 551 102 
551 472 919 
453 668 973 
453 472 102 
314 453 973 
472 453 314 
913 223 798 
913 292 223 
292 913 494 
913 824 494 
576 913 798 
824 913 576 
292 177 223 
177 292 637 
223 177 123 
177 637 123 
952 566 335 
566 902 335 
788 223 619 
223 788 798 
920 958 398 
243 907 335 
243 493 907 
687 861 485 
861 725 485 
861 474 725 
698 517 320 
98 698 320 
500 98 673 
343 500 673 
500 343 474 
500 698 98 
861 500 474 
698 500 861 
98 534 570 
534 98 797 
534 946 570 
683 543 770 
683 214 543 
221 683 770 
683 221 367 
273 683 367 
214 683 273 
244 389 835 
775 157 980 
157 419 980 
968 224 753 
512 968 753 
704 737 106 
379 737 704 
672 156 249 
156 672 323 
672 351 323 
672 256 519 
351 672 519 
882 437 224 
882 163 437 
224 200 753 
440 200 224 
200 440 176 
909 309 702 
166 309 363 
309 316 702 
309 166 316 
648 428 848 
648 909 428 
166 651 316 
651 439 316 
439 651 851 
457 169 804 
272 382 842 
382 272 263 
382 468 842 
468 382 263 
731 858 787 
731 35 858 
35 731 164 
731 826 164 
826 731 787 
803 353 910 
437 721 336 
490 721 437 
825 513 965 
825 399 513 
947 457 757 
169 947 122 
947 169 457 
876 561 836 
51 876 836 
561 876 757 
431 545 852 
545 552 852 
545 51 552 
676 332 236 
676 748 332 
676 236 0 
748 676 0 
334 391 222 
391 748 222 
391 334 208 
391 208 784 
748 391 784 
555 530 158 
555 834 530 
49 639 24 
49 914 639 
751 562 165 
384 583 751 
817 384 869 
384 751 869 
583 578 571 
7 302 198 
302 7 355 
235 73 896 
741 153 45 
153 741 165 
572 153 165 
559 766 501 
82 558 860 
82 793 558 
596 929 516 
793 596 516 
596 793 667 
596 693 929 
693 596 567 
596 667 567 
667 957 809 
793 957 667 
82 957 793 
957 82 455 
957 455 463 
809 957 463 
187 669 963 
669 921 963 
503 85 693 
129 503 822 
921 503 693 
503 921 822 
525 606 255 
525 255 324 
240 525 324 
802 114 324 
254 3 41 
3 518 41 
3 254 238 
518 3 238 
129 927 184 
142 927 129 
953 592 187 
288 129 822 
288 142 129 
815 148 374 
148 294 789 
811 190 554 
993 360 884 
854 360 993 
360 662 884 
360 15 55 
15 854 415 
15 360 854 
938 700 912 
700 135 912 
700 938 906 
135 700 906 
317 912 101 
317 870 912 
317 101 655 
870 317 655 
274 15 415 
274 107 15 
43 955 305 
331 43 305 
43 21 955 
21 43 39 
43 126 39 
348 706 305 
706 331 305 
706 348 538 
898 706 538 
706 898 462 
410 736 479 
736 580 479 
736 575 580 
890 130 322 
130 736 410 
736 130 575 
476 11 340 
11 476 70 
476 782 70 
476 924 782 
924 416 93 
416 284 93 
284 416 23 
476 416 924 
23 416 340 
416 476 340 
4 924 93 
481 284 57 
943 695 818 
695 4 818 
4 695 924 
924 695 782 
695 943 782 
627 318 115 
931 318 627 
318 769 115 
769 318 444 
550 426 444 
854 426 415 
444 426 911 
426 854 911 
724 397 906 
397 135 906 
397 717 135 
819 406 877 
406 819 771 
819 370 771 
732 727 498 
727 732 598 
780 321 800 
28 780 800 
75 780 404 
321 780 75 
780 182 404 
182 780 28 
925 612 690 
612 547 690 
612 276 547 
612 423 276 
423 612 925 
266 423 577 
423 266 276 
511 266 577 
276 266 547 
227 458 835 
227 511 458 
434 563 636 
36 434 636 
20 434 183 
434 141 563 
141 434 773 
434 20 773 
183 654 773 
654 423 773 
423 654 761 
213 376 184 
376 213 458 
927 213 184 
213 927 142 
918 201 796 
918 18 585 
18 448 79 
79 448 57 
448 481 57 
206 220 189 
678 220 206 
466 678 171 
466 330 678 
645 156 942 
156 645 249 
923 99 691 
923 984 48 
984 923 691 
740 99 403 
740 556 99 
556 740 704 
389 740 403 
740 244 704 
740 389 244 
242 932 206 
560 242 206 
556 653 121 
653 560 121 
653 242 560 
206 783 342 
414 783 206 
783 329 342 
96 79 57 
252 990 521 
990 451 521 
996 990 252 
507 990 996 
451 990 688 
990 507 688 
59 849 569 
59 154 849 
154 59 688 
253 59 569 
59 253 988 
451 59 988 
59 451 688 
513 589 225 
22 589 513 
589 22 945 
144 589 945 
589 144 225 
640 109 247 
640 354 109 
640 247 971 
849 640 971 
354 640 849 
392 839 167 
839 35 167 
35 839 858 
858 839 468 
839 392 468 
623 728 979 
728 623 671 
979 728 323 
728 671 323 
100 246 128 
170 246 113 
246 170 128 
246 201 113 
246 100 201 
897 348 128 
170 897 128 
348 897 151 
151 897 617 
897 170 617 
155 344 880 
155 832 344 
400 155 880 
155 400 283 
155 283 160 
832 155 160 
313 160 615 
313 832 160 
564 313 615 
313 564 661 
609 313 661 
832 313 609 
643 801 307 
801 443 307 
443 801 643 
215 204 298 
215 307 333 
215 298 307 
178 215 333 
204 215 491 
215 178 491 
979 179 660 
179 103 660 
497 179 979 
103 179 497 
185 962 582 
532 962 185 
962 966 582 
962 532 892 
712 532 112 
712 857 367 
857 712 112 
221 712 367 
620 712 221 
532 712 620 
978 461 441 
978 441 515 
291 978 515 
279 767 959 
767 291 386 
767 279 291 
306 767 386 
522 767 306 
701 767 522 
767 701 959 
701 139 959 
816 139 465 
139 816 959 
139 272 465 
139 701 272 
816 136 279 
169 136 804 
136 169 279 
136 817 804 
886 299 615 
615 299 132 
299 462 132 
299 885 462 
885 299 705 
107 607 946 
42 886 402 
343 42 402 
42 343 673 
986 97 25 
916 97 1 
97 916 25 
1 97 112 
97 986 112 
765 920 657 
920 765 958 
958 765 903 
893 393 747 
393 893 520 
893 747 341 
520 893 341 
608 735 919 
735 551 919 
401 735 853 
551 735 401 
735 467 853 
467 735 608 
425 989 781 
668 989 425 
989 401 781 
401 989 102 
566 502 798 
502 566 952 
703 502 952 
484 566 798 
566 484 902 
788 484 798 
484 788 902 
902 303 335 
788 303 902 
493 267 899 
243 267 493 
698 346 517 
346 698 861 
346 861 687 
517 346 692 
346 687 692 
666 968 512 
666 512 419 
157 666 419 
666 157 452 
14 379 419 
10 14 419 
917 369 478 
369 917 176 
917 200 176 
256 777 478 
777 917 478 
330 175 249 
175 672 249 
672 175 256 
638 175 330 
290 233 374 
181 290 374 
290 181 452 
587 181 374 
587 148 789 
148 587 374 
665 587 789 
587 665 846 
163 587 846 
181 587 163 
882 77 163 
77 181 163 
181 77 452 
77 666 452 
666 77 968 
95 648 848 
497 95 848 
95 497 519 
67 651 166 
651 67 851 
639 127 24 
475 166 363 
475 713 90 
199 169 122 
169 199 279 
279 199 291 
347 795 296 
795 74 894 
856 347 296 
665 856 846 
803 315 665 
315 347 665 
315 803 910 
74 315 910 
795 315 74 
315 795 347 
721 358 336 
803 470 52 
470 294 52 
294 470 789 
470 665 789 
470 803 665 
193 872 270 
872 193 259 
838 872 259 
872 838 553 
838 312 553 
312 825 553 
328 312 259 
312 838 259 
825 312 399 
399 312 217 
312 328 217 
947 407 122 
27 407 762 
407 27 122 
766 282 501 
282 766 928 
834 936 86 
555 936 834 
86 936 784 
936 928 784 
936 282 928 
914 535 639 
272 450 465 
450 439 851 
136 450 817 
450 384 817 
450 272 842 
439 450 842 
450 816 465 
450 136 816 
384 450 583 
450 578 583 
210 355 613 
210 302 355 
840 210 287 
210 840 302 
997 326 733 
326 61 733 
280 104 287 
49 229 914 
894 229 24 
229 49 24 
229 934 914 
294 454 52 
454 73 52 
716 454 294 
454 579 896 
73 454 896 
64 153 572 
153 64 45 
64 26 45 
64 879 308 
26 64 308 
104 143 412 
682 750 935 
455 573 860 
573 82 860 
82 573 455 
742 288 822 
288 742 592 
592 742 187 
742 669 187 
525 387 606 
387 525 240 
606 387 794 
387 240 794 
503 779 85 
114 779 636 
802 779 114 
85 779 373 
595 953 187 
66 595 187 
595 711 546 
814 595 546 
953 595 814 
953 231 592 
231 288 592 
148 694 294 
694 716 294 
694 815 711 
694 148 815 
716 694 66 
595 694 711 
694 595 66 
829 811 55 
15 829 55 
190 829 797 
811 829 190 
107 829 15 
829 107 946 
829 534 797 
534 829 946 
662 785 776 
360 785 662 
785 360 55 
811 785 55 
785 554 776 
785 811 554 
873 885 705 
885 873 108 
792 885 108 
908 706 462 
706 908 331 
885 908 462 
908 792 331 
792 908 885 
284 960 410 
960 130 410 
481 960 284 
172 430 883 
172 883 442 
818 172 442 
318 297 444 
297 318 931 
629 297 983 
444 297 629 
297 877 983 
297 931 877 
39 195 915 
126 195 39 
542 792 108 
792 542 126 
772 107 274 
772 940 107 
772 426 550 
772 274 415 
426 772 415 
940 275 107 
275 607 107 
275 873 705 
977 397 724 
397 977 717 
769 977 724 
977 769 911 
993 977 911 
717 977 993 
819 230 370 
230 819 877 
931 230 877 
370 293 954 
954 293 845 
293 598 845 
937 389 403 
937 239 389 
389 239 835 
239 227 835 
434 377 183 
377 434 36 
377 654 183 
448 149 890 
149 130 890 
130 149 575 
149 21 39 
575 149 39 
918 338 18 
338 448 18 
338 918 796 
338 149 448 
150 338 796 
21 338 150 
149 338 21 
482 678 249 
645 482 249 
482 645 504 
201 362 113 
631 362 201 
631 918 585 
918 631 201 
362 631 113 
258 220 678 
482 258 678 
258 631 585 
189 258 585 
220 258 189 
743 504 124 
743 482 504 
359 645 942 
645 359 504 
124 359 942 
504 359 124 
495 923 48 
923 495 99 
99 495 403 
653 729 242 
783 868 329 
868 783 414 
863 414 189 
79 863 189 
96 863 79 
863 868 414 
23 47 57 
47 23 105 
966 509 677 
962 509 966 
509 237 677 
237 509 352 
509 892 352 
509 962 892 
299 488 705 
488 299 886 
42 488 886 
488 42 607 
65 673 570 
65 42 673 
42 65 607 
946 65 570 
607 65 946 
601 765 657 
601 805 903 
765 601 903 
601 608 805 
435 145 703 
435 601 657 
435 467 608 
601 435 608 
453 588 668 
588 989 668 
588 453 102 
989 588 102 
920 325 657 
325 435 657 
435 325 145 
325 920 398 
381 325 398 
40 325 381 
145 650 703 
650 502 703 
650 40 576 
650 576 798 
502 650 798 
146 981 619 
63 243 335 
523 267 243 
63 523 243 
899 228 146 
267 228 899 
228 981 146 
981 228 722 
394 512 753 
200 394 753 
512 394 419 
394 10 419 
549 14 10 
737 549 106 
549 737 379 
14 549 379 
394 758 10 
758 777 256 
77 616 968 
616 77 882 
968 616 224 
616 882 224 
211 95 519 
844 67 166 
475 844 166 
844 475 90 
67 844 571 
844 127 571 
119 856 296 
119 490 846 
856 119 846 
81 978 291 
199 81 291 
81 27 461 
978 81 461 
27 81 122 
81 199 122 
905 795 894 
905 894 24 
795 905 296 
905 119 296 
119 905 713 
347 768 665 
768 856 665 
856 768 347 
969 721 490 
969 358 721 
78 66 413 
78 716 66 
13 78 413 
270 739 965 
872 739 270 
739 872 553 
739 825 965 
825 739 553 
730 744 762 
407 730 762 
641 407 947 
641 947 757 
876 641 757 
641 876 51 
641 730 407 
545 641 51 
841 58 982 
501 841 982 
282 841 501 
535 831 639 
831 535 562 
831 127 639 
127 831 571 
831 751 571 
831 562 751 
562 774 165 
774 934 165 
449 450 851 
450 449 578 
162 73 235 
73 162 52 
162 803 52 
803 162 353 
840 664 302 
198 664 349 
302 664 198 
664 235 349 
664 162 235 
664 840 353 
162 664 353 
446 210 613 
823 446 613 
593 280 287 
210 593 287 
134 104 280 
421 840 287 
104 421 287 
421 104 412 
840 421 353 
745 421 412 
972 421 745 
118 894 80 
118 229 894 
118 972 745 
118 80 910 
972 118 910 
750 418 935 
143 418 750 
418 143 104 
134 418 104 
626 682 997 
742 301 669 
669 301 921 
539 503 129 
539 779 503 
779 539 636 
539 94 636 
539 129 184 
94 539 184 
779 194 373 
194 779 802 
373 194 324 
194 802 324 
486 290 452 
157 486 452 
486 157 775 
233 486 814 
290 486 233 
285 953 814 
285 231 953 
486 285 814 
285 486 231 
213 383 458 
458 383 835 
383 244 835 
383 775 244 
43 408 126 
408 792 126 
408 43 331 
792 408 331 
130 371 322 
960 371 130 
371 960 481 
371 890 322 
371 448 890 
448 371 481 
4 708 818 
708 172 818 
708 4 93 
410 708 93 
430 708 410 
172 708 430 
812 195 940 
812 772 550 
772 812 940 
812 550 629 
138 812 629 
812 138 915 
195 812 915 
195 644 940 
940 644 108 
644 542 108 
644 195 126 
542 644 126 
976 940 108 
976 275 940 
873 976 108 
275 976 873 
91 230 498 
230 91 370 
727 91 498 
91 293 370 
91 727 598 
293 91 598 
396 627 498 
230 396 498 
396 931 627 
396 230 931 
227 974 511 
239 974 227 
536 239 937 
536 495 48 
536 937 403 
495 536 403 
584 36 991 
584 377 36 
584 991 761 
654 584 761 
377 584 654 
258 808 350 
808 258 482 
808 743 350 
743 808 482 
424 258 350 
258 424 631 
743 424 350 
631 424 113 
447 124 617 
447 743 124 
447 424 743 
113 447 617 
424 447 113 
242 245 932 
729 245 242 
932 245 171 
264 729 653 
264 556 106 
264 653 556 
549 364 106 
364 549 638 
364 264 106 
264 364 729 
466 364 330 
364 638 330 
364 466 171 
245 364 171 
364 245 729 
487 96 57 
47 487 57 
487 863 96 
863 487 868 
505 275 705 
488 505 705 
275 505 607 
505 488 607 
526 435 703 
435 526 467 
467 526 853 
526 703 952 
526 907 853 
526 952 907 
600 325 40 
325 600 145 
650 600 40 
600 650 145 
855 523 722 
523 855 267 
228 855 722 
855 228 267 
594 981 722 
523 594 722 
594 303 788 
594 788 619 
981 594 619 
777 837 917 
917 837 200 
837 394 200 
758 837 777 
837 758 394 
549 948 638 
948 758 256 
948 549 10 
758 948 10 
175 948 256 
948 175 638 
438 211 519 
438 519 478 
369 438 478 
405 438 369 
95 429 648 
211 429 95 
429 309 909 
648 429 909 
309 429 363 
844 174 127 
905 174 713 
713 174 90 
174 844 90 
127 174 24 
174 905 24 
738 456 363 
46 119 713 
475 46 713 
119 46 490 
46 635 490 
635 810 490 
810 969 490 
969 810 358 
810 738 358 
459 454 716 
78 459 716 
459 78 13 
454 459 579 
152 459 13 
579 459 152 
707 319 744 
730 707 744 
319 707 431 
707 545 431 
707 641 545 
641 707 730 
76 936 555 
535 286 562 
286 774 562 
286 535 914 
934 286 914 
774 286 934 
578 679 571 
449 679 578 
679 449 851 
679 67 571 
67 679 851 
446 460 210 
460 593 210 
421 726 353 
972 726 421 
353 726 910 
726 972 910 
557 118 745 
557 934 229 
118 557 229 
143 473 412 
473 143 750 
752 473 750 
473 64 572 
473 752 64 
60 626 997 
626 60 559 
60 766 559 
60 997 967 
928 60 967 
766 60 928 
697 752 750 
682 697 750 
626 697 682 
697 626 559 
697 501 879 
697 559 501 
64 697 879 
752 697 64 
586 742 822 
586 301 742 
921 586 822 
301 586 921 
486 191 231 
231 191 288 
383 191 775 
288 191 142 
191 213 142 
191 383 213 
984 881 48 
881 536 48 
487 69 868 
69 487 47 
868 69 329 
329 69 105 
69 47 105 
368 523 63 
368 594 523 
594 368 303 
303 368 335 
368 63 335 
828 438 405 
738 828 358 
828 405 336 
358 828 336 
219 46 475 
46 219 635 
219 456 635 
219 475 363 
456 219 363 
5 456 738 
810 5 738 
456 5 635 
5 810 635 
234 841 282 
234 76 841 
936 234 282 
76 234 936 
436 555 158 
436 76 555 
710 436 158 
436 710 58 
841 436 58 
76 436 841 
611 460 446 
611 895 0 
611 823 895 
611 446 823 
733 611 0 
61 611 733 
593 821 280 
460 821 593 
821 134 280 
821 87 134 
87 821 326 
87 625 134 
418 625 935 
625 418 134 
625 682 935 
473 633 412 
557 633 934 
633 745 412 
633 557 745 
904 486 775 
191 904 775 
904 191 486 
536 614 239 
881 614 536 
614 974 239 
974 614 511 
614 266 511 
260 828 738 
260 429 211 
438 260 211 
828 260 438 
260 738 363 
429 260 363 
964 611 61 
611 964 460 
964 821 460 
326 964 61 
821 964 326 
682 295 997 
625 295 682 
295 625 87 
295 326 997 
295 87 326 
633 541 934 
541 633 473 
541 473 572 
541 572 165 
934 541 165 
614 506 266 
506 614 881 
266 506 547 
506 984 547 
506 881 984 
